// ./gdiv_opt 1.03100574016571045 1.9941405057907104 0.75 6 26 23

N = 1.031005740165710 = 1.00000111111011111111111
D = 1.994140505790710 = 1.11111110011111111111111

i = 0, N = 0.773254, D = 1.495605, R = 0.504395
i = 0, N = 00.11000101111100111111111010, D = 01.01111110110111111111111010, R = 00.10000001001000000000000101
i = 1, N = 0.390025, D = 0.754375, R = 1.245625
i = 1, N = 00.01100011110110001011001010, D = 00.11000001000111101011110100, R = 01.00111110111000010100001011
i = 2, N = 0.485825, D = 0.939668, R = 1.060332
i = 2, N = 00.01111100010111110000100100, D = 00.11110000100011100001110100, R = 01.00001111011100011110001011
i = 3, N = 0.515136, D = 0.996360, R = 1.003640
i = 3, N = 00.10000011110111111110111010, D = 00.11111111000100010111010001, R = 01.00000000111011101000101110
i = 4, N = 0.517011, D = 0.999987, R = 1.000013
i = 4, N = 00.10000100010110101101000010, D = 00.11111111111111110010000101, R = 01.00000000000000001101111010
i = 5, N = 0.517018, D = 1.000000, R = 1.000000
i = 5, N = 00.10000100010110110100001110, D = 00.11111111111111111111111110, R = 01.00000000000000000000000001
R1 = 1.031005680561066
01.00000111111011111111110100
R2 = -0.000000059604645
11.11111111111111111111111100

Actual Answer
RQ = 0.517017483711243 = 00.10000100010110110100001
GDIV Answer
RD = 0.517017483711243 = 00.10000100010110110100001

Error Analysis
error =  0.000000000000000
#bits = -inf

Remainder
RREM = -0.464771509170532
RREM = 1.10001001000001001011110

